
 84 0 0 0
 2 2 
 
 84 0 0 0
 4 4 
 
 84 0 0 0
 6 6 
 
 84 0 0 0
 8 8 
 
 84 0 0 0
 10 10 
 
 84 0 0 0
 12 12 
 
 7 0 0 1
 21 0 0
 2 2 0 0 0 0 -1
 1 0
 
 12 0 0 1
 20 21 0 0 0
 2 2 0 0 0 0 -1
 90 2 0
 1 1
 0 50 0.0001 0 0
 
 19 0 0 1
 20 0 0
 2 2 0 0 0 0 -1
 90 
 
 31 0 0 1
 21 20 0 0 0
 2 2 0 0 2 0 -1
 
 12 0 0 1
 22 21 0 0 0
 2 2 0 0 2 0 -1
 91 2 10.0
 1 1
 0 50 0.0001 0 0
 
 31 0 0 1
 21 22 0 0 0
 2 2 0 0 4 0 -1
 
 12 0 0 1
 24 21 0 0 0
 2 2 0 0 4 0 -1
 92 2 10.0
 1 1
 0 50 0.0001 0 0
 
 19 0 0 1
 24 0 0
 2 2 0 0 4 0 -1
 92 
 
 31 0 0 1
 21 24 0 0 0
 2 2 0 0 6 0 -1
 
 12 0 0 1
 26 21 0 0 0
 2 2 0 0 6 0 -1
 93 2 10.0
 1 1
 0 50 0.0001 0 0
 
 19 0 0 1
 26 0 0
 2 2 0 0 6 0 -1
 93 
 
 31 0 0 1
 21 26 0 0 0
 2 2 0 0 8 0 -1
 
 12 0 0 1
 28 21 0 0 0
 2 2 0 0 8 0 -1
 94 2 10.0
 1 1
 0 50 0.0001 0 0
 
 19 0 0 1
 28 0 0
 2 2 0 0 8 0 -1
 94 
 
 31 0 0 1
 21 28 0 0 0
 2 2 0 0 10 0 -1
 
 12 0 0 1
 30 21 0 0 0
 2 2 0 0 10 0 -1
 95 2 10.0
 1 1
 0 50 0.0001 0 0
 
 19 0 0 1
 30 0 0
 2 2 0 0 10 0 -1
 95 
 
 31 0 0 1
 21 30 0 0 0
 2 2 0 0 12 0 -1
 
 12 0 0 1
 32 21 0 0 0
 2 2 0 0 12 0 -1
 96 2 10.0
 1 1
 0 50 0.0001 0 0
 
 19 0 0 1
 32 0 0
 2 2 0 0 12 0 -1
 96 
 
 0 0 0
