
*** mp-states ***

 Ep  Mp   En  Mn      #mp-p    #mp-n       #mp

  0   0    0   0          1        1         1  # ARRAYMP:   1=       8
  0   0    2   0          1       11        11  # ARRAYMP:   2=      88
  1  -4    1   4          1        1         1  # ARRAYMP:   3=       8
  1  -2    1   2          3        3         9  # ARRAYMP:   4=      72
  1   0    1   0          4        4        16  # ARRAYMP:   5=     128
  1   2    1  -2          3        3         9  # ARRAYMP:   6=      72
  1   4    1  -4          1        1         1  # ARRAYMP:   7=       8
  2   0    0   0         11        1        11  # ARRAYMP:   8=      88

TOTAL-MP-STATES: 59
MAX-MP-BLOCK: 16

*** Connections p-n ***

Ep1 Mp1   En1 Mn1   Dp1   Ep2 Mp2   En2 Mn2   Dn1       #mp1     #mp2   #conn-p  #conn-n          conn

  0   0     0   0     0     0   0     0   0     0          1        1         2        2             4  # CALCBLOCK:2:   1,   1,     9,    10,    11
  0   0     0   0     0     0   0     2   0     0          1       11         2        6            12  # CALCBLOCK:2:   1,   2,     9,    12,    13
  0   0     0   0     0     1  -2     1   2     0          1        9         3        3             9  # CALCBLOCK:2:   1,   4,    14,    15,    16
  0   0     0   0     0     1  -4     1   4     0          1        1         1        1             1  # CALCBLOCK:2:   1,   3,    17,    18,    19
  0   0     0   0     0     1   0     1   0     0          1       16         4        4            16  # CALCBLOCK:2:   1,   5,    20,    21,    22
  0   0     0   0     0     1   2     1  -2     0          1        9         3        3             9  # CALCBLOCK:2:   1,   6,    23,    24,    25
  0   0     0   0     0     1   4     1  -4     0          1        1         1        1             1  # CALCBLOCK:2:   1,   7,    26,    27,    28
  0   0     0   0     0     2   0     0   0     0          1       11         6        2            12  # CALCBLOCK:2:   1,   8,    29,    10,    30
  0   0     2   0     0     0   0     2   0     0         11       11         2        6            12  # CALCBLOCK:2:   2,   2,     9,    31,    11
  0   0     2   0     0     0   0     2   0     1         11       11         2       18            36  # CALCBLOCK:2:   2,   2,     9,    32,    33
  0   0     2   0     0     0   0     2   0     2         11       11         2       18            36  # CALCBLOCK:2:   2,   2,     9,    34,    35
  0   0     2   0     0     1  -2     1   2     1         11        9         3        5            15  # CALCBLOCK:2:   2,   4,    14,    36,    37
  0   0     2   0     0     1  -2     1   2     2         11        9         3        9            27  # CALCBLOCK:2:   2,   4,    14,    38,    39
  0   0     2   0     0     1  -4     1   4     1         11        1         1        1             1  # CALCBLOCK:2:   2,   3,    17,    40,    41
  0   0     2   0     0     1  -4     1   4     2         11        1         1        3             3  # CALCBLOCK:2:   2,   3,    17,    42,    43
  0   0     2   0     0     1   0     1   0     1         11       16         4        8            32  # CALCBLOCK:2:   2,   5,    20,    44,    45
  0   0     2   0     0     1   0     1   0     2         11       16         4       12            48  # CALCBLOCK:2:   2,   5,    20,    46,    47
  0   0     2   0     0     1   2     1  -2     1         11        9         3        5            15  # CALCBLOCK:2:   2,   6,    23,    48,    49
  0   0     2   0     0     1   2     1  -2     2         11        9         3        9            27  # CALCBLOCK:2:   2,   6,    23,    50,    51
  0   0     2   0     0     1   4     1  -4     1         11        1         1        1             1  # CALCBLOCK:2:   2,   7,    26,    52,    53
  0   0     2   0     0     1   4     1  -4     2         11        1         1        3             3  # CALCBLOCK:2:   2,   7,    26,    54,    55
  0   0     2   0     0     2   0     0   0     2         11       11         6        6            36  # CALCBLOCK:2:   2,   8,    29,    56,    57
  1  -2     1   2     0     1  -2     1   2     0          9        9         3        3             9  # CALCBLOCK:2:   4,   4,    58,    59,    11
  1  -2     1   2     0     1  -2     1   2     1          9        9         3        5            15  # CALCBLOCK:2:   4,   4,    58,    60,    33
  1  -2     1   2     1     1  -2     1   2     0          9        9         5        3            15  # CALCBLOCK:2:   4,   4,    61,    59,    62
  1  -2     1   2     1     1  -2     1   2     1          9        9         5        5            25  # CALCBLOCK:2:   4,   4,    61,    60,    63
  1  -2     1   2     0     1  -4     1   4     0          9        1         1        1             1  # CALCBLOCK:2:   4,   3,    64,    65,    66
  1  -2     1   2     0     1  -4     1   4     1          9        1         1        2             2  # CALCBLOCK:2:   4,   3,    64,    67,    68
  1  -2     1   2     1     1  -4     1   4     0          9        1         2        1             2  # CALCBLOCK:2:   4,   3,    69,    65,    70
  1  -2     1   2     1     1  -4     1   4     1          9        1         2        2             4  # CALCBLOCK:2:   4,   3,    69,    67,    71
  1  -2     1   2     0     1   0     1   0     0          9       16         2        2             4  # CALCBLOCK:2:   4,   5,    72,    73,    74
  1  -2     1   2     0     1   0     1   0     1          9       16         2        6            12  # CALCBLOCK:2:   4,   5,    72,    75,    76
  1  -2     1   2     1     1   0     1   0     0          9       16         6        2            12  # CALCBLOCK:2:   4,   5,    77,    73,    78
  1  -2     1   2     1     1   0     1   0     1          9       16         6        6            36  # CALCBLOCK:2:   4,   5,    77,    75,    79
  1  -2     1   2     1     1   2     1  -2     1          9        9         4        4            16  # CALCBLOCK:2:   4,   6,    80,    81,    82
  1  -2     1   2     1     1   4     1  -4     1          9        1         1        1             1  # CALCBLOCK:2:   4,   7,    83,    84,    85
  1  -2     1   2     0     2   0     0   0     1          9       11         5        3            15  # CALCBLOCK:2:   4,   8,    86,    87,    49
  1  -2     1   2     1     2   0     0   0     1          9       11         9        3            27  # CALCBLOCK:2:   4,   8,    88,    87,    89
  1  -4     1   4     0     1  -4     1   4     0          1        1         1        1             1  # CALCBLOCK:2:   3,   3,    90,    91,    11
  1  -4     1   4     0     1  -4     1   4     1          1        1         1        1             1  # CALCBLOCK:2:   3,   3,    90,    92,    33
  1  -4     1   4     1     1  -4     1   4     0          1        1         1        1             1  # CALCBLOCK:2:   3,   3,    93,    91,    62
  1  -4     1   4     1     1  -4     1   4     1          1        1         1        1             1  # CALCBLOCK:2:   3,   3,    93,    92,    63
  1  -4     1   4     1     1   0     1   0     1          1       16         2        2             4  # CALCBLOCK:2:   3,   5,    94,    95,    82
  1  -4     1   4     1     1   2     1  -2     1          1        9         1        1             1  # CALCBLOCK:2:   3,   6,    96,    97,    85
  1  -4     1   4     0     2   0     0   0     1          1       11         1        1             1  # CALCBLOCK:2:   3,   8,    98,    99,    53
  1  -4     1   4     1     2   0     0   0     1          1       11         3        1             3  # CALCBLOCK:2:   3,   8,   100,    99,   101
  1   0     1   0     0     1   0     1   0     0         16       16         4        4            16  # CALCBLOCK:2:   5,   5,   102,   103,    11
  1   0     1   0     0     1   0     1   0     1         16       16         4        8            32  # CALCBLOCK:2:   5,   5,   102,   104,    33
  1   0     1   0     1     1   0     1   0     0         16       16         8        4            32  # CALCBLOCK:2:   5,   5,   105,   103,    62
  1   0     1   0     1     1   0     1   0     1         16       16         8        8            64  # CALCBLOCK:2:   5,   5,   105,   104,    63
  1   0     1   0     0     1   2     1  -2     0         16        9         2        2             4  # CALCBLOCK:2:   5,   6,   106,   107,    74
  1   0     1   0     0     1   2     1  -2     1         16        9         2        6            12  # CALCBLOCK:2:   5,   6,   106,   108,    76
  1   0     1   0     1     1   2     1  -2     0         16        9         6        2            12  # CALCBLOCK:2:   5,   6,   109,   107,    78
  1   0     1   0     1     1   2     1  -2     1         16        9         6        6            36  # CALCBLOCK:2:   5,   6,   109,   108,    79
  1   0     1   0     1     1   4     1  -4     1         16        1         2        2             4  # CALCBLOCK:2:   5,   7,   110,   111,    82
  1   0     1   0     0     2   0     0   0     1         16       11         8        4            32  # CALCBLOCK:2:   5,   8,   112,   113,    45
  1   0     1   0     1     2   0     0   0     1         16       11        12        4            48  # CALCBLOCK:2:   5,   8,   114,   113,   115
  1   2     1  -2     0     1   2     1  -2     0          9        9         3        3             9  # CALCBLOCK:2:   6,   6,   116,   117,    11
  1   2     1  -2     0     1   2     1  -2     1          9        9         3        5            15  # CALCBLOCK:2:   6,   6,   116,   118,    33
  1   2     1  -2     1     1   2     1  -2     0          9        9         5        3            15  # CALCBLOCK:2:   6,   6,   119,   117,    62
  1   2     1  -2     1     1   2     1  -2     1          9        9         5        5            25  # CALCBLOCK:2:   6,   6,   119,   118,    63
  1   2     1  -2     0     1   4     1  -4     0          9        1         1        1             1  # CALCBLOCK:2:   6,   7,   120,   121,    74
  1   2     1  -2     0     1   4     1  -4     1          9        1         1        2             2  # CALCBLOCK:2:   6,   7,   120,   122,    76
  1   2     1  -2     1     1   4     1  -4     0          9        1         2        1             2  # CALCBLOCK:2:   6,   7,   123,   121,    78
  1   2     1  -2     1     1   4     1  -4     1          9        1         2        2             4  # CALCBLOCK:2:   6,   7,   123,   122,    79
  1   2     1  -2     0     2   0     0   0     1          9       11         5        3            15  # CALCBLOCK:2:   6,   8,   124,   125,    37
  1   2     1  -2     1     2   0     0   0     1          9       11         9        3            27  # CALCBLOCK:2:   6,   8,   126,   125,   127
  1   4     1  -4     0     1   4     1  -4     0          1        1         1        1             1  # CALCBLOCK:2:   7,   7,   128,   129,    11
  1   4     1  -4     0     1   4     1  -4     1          1        1         1        1             1  # CALCBLOCK:2:   7,   7,   128,   130,    33
  1   4     1  -4     1     1   4     1  -4     0          1        1         1        1             1  # CALCBLOCK:2:   7,   7,   131,   129,    62
  1   4     1  -4     1     1   4     1  -4     1          1        1         1        1             1  # CALCBLOCK:2:   7,   7,   131,   130,    63
  1   4     1  -4     0     2   0     0   0     1          1       11         1        1             1  # CALCBLOCK:2:   7,   8,   132,   133,    41
  1   4     1  -4     1     2   0     0   0     1          1       11         3        1             3  # CALCBLOCK:2:   7,   8,   134,   133,   135
  2   0     0   0     0     2   0     0   0     0         11       11         6        2            12  # CALCBLOCK:2:   8,   8,   136,    10,    11
  2   0     0   0     1     2   0     0   0     0         11       11        18        2            36  # CALCBLOCK:2:   8,   8,   137,    10,    62
  2   0     0   0     2     2   0     0   0     0         11       11        18        2            36  # CALCBLOCK:2:   8,   8,   138,    10,   139

CONNECTIONS-p-n: 1676


*** Connections pp-n ***

Ep1 Mp1   En1 Mn1   Dp1   Ep2 Mp2   En2 Mn2   Dn1       #mp1     #mp2  #conn-pp  #conn-n          conn

  0   0     0   0     0     0   0     0   0     0          1        1         1        2             2  # CALCBLOCK:3:   1,   1,   140,    10,   141
  0   0     0   0     0     0   0     2   0     0          1       11         1        6             6  # CALCBLOCK:3:   1,   2,   140,    12,   142
  0   0     0   0     0     1  -2     1   2     0          1        9         3        3             9  # CALCBLOCK:3:   1,   4,   143,    15,   144
  0   0     0   0     0     1  -4     1   4     0          1        1         1        1             1  # CALCBLOCK:3:   1,   3,   145,    18,   146
  0   0     0   0     0     1   0     1   0     0          1       16         4        4            16  # CALCBLOCK:3:   1,   5,   147,    21,   148
  0   0     0   0     0     1   2     1  -2     0          1        9         3        3             9  # CALCBLOCK:3:   1,   6,   149,    24,   150
  0   0     0   0     0     1   4     1  -4     0          1        1         1        1             1  # CALCBLOCK:3:   1,   7,   151,    27,   152
  0   0     0   0     0     2   0     0   0     0          1       11        11        2            22  # CALCBLOCK:3:   1,   8,   153,    10,   154
  0   0     2   0     0     0   0     2   0     0         11       11         1        6             6  # CALCBLOCK:3:   2,   2,   140,    31,   141
  0   0     2   0     0     0   0     2   0     1         11       11         1       18            18  # CALCBLOCK:3:   2,   2,   140,    32,   155
  0   0     2   0     0     0   0     2   0     2         11       11         1       18            18  # CALCBLOCK:3:   2,   2,   140,    34,   156
  0   0     2   0     0     1  -2     1   2     1         11        9         3        5            15  # CALCBLOCK:3:   2,   4,   143,    36,   157
  0   0     2   0     0     1  -2     1   2     2         11        9         3        9            27  # CALCBLOCK:3:   2,   4,   143,    38,   158
  0   0     2   0     0     1  -4     1   4     1         11        1         1        1             1  # CALCBLOCK:3:   2,   3,   145,    40,   159
  0   0     2   0     0     1  -4     1   4     2         11        1         1        3             3  # CALCBLOCK:3:   2,   3,   145,    42,   160
  0   0     2   0     0     1   0     1   0     1         11       16         4        8            32  # CALCBLOCK:3:   2,   5,   147,    44,   161
  0   0     2   0     0     1   0     1   0     2         11       16         4       12            48  # CALCBLOCK:3:   2,   5,   147,    46,   162
  0   0     2   0     0     1   2     1  -2     1         11        9         3        5            15  # CALCBLOCK:3:   2,   6,   149,    48,   163
  0   0     2   0     0     1   2     1  -2     2         11        9         3        9            27  # CALCBLOCK:3:   2,   6,   149,    50,   164
  0   0     2   0     0     1   4     1  -4     1         11        1         1        1             1  # CALCBLOCK:3:   2,   7,   151,    52,   165
  0   0     2   0     0     1   4     1  -4     2         11        1         1        3             3  # CALCBLOCK:3:   2,   7,   151,    54,   166
  0   0     2   0     0     2   0     0   0     2         11       11        11        6            66  # CALCBLOCK:3:   2,   8,   153,    56,   167
  1  -2     1   2     1     1  -2     1   2     0          9        9         9        3            27  # CALCBLOCK:3:   4,   4,   168,    59,   169
  1  -2     1   2     1     1  -2     1   2     1          9        9         9        5            45  # CALCBLOCK:3:   4,   4,   168,    60,   170
  1  -2     1   2     1     1  -4     1   4     0          9        1         3        1             3  # CALCBLOCK:3:   4,   3,   171,    65,   172
  1  -2     1   2     1     1  -4     1   4     1          9        1         3        2             6  # CALCBLOCK:3:   4,   3,   171,    67,   173
  1  -2     1   2     1     1   0     1   0     0          9       16        12        2            24  # CALCBLOCK:3:   4,   5,   174,    73,   175
  1  -2     1   2     1     1   0     1   0     1          9       16        12        6            72  # CALCBLOCK:3:   4,   5,   174,    75,   176
  1  -2     1   2     1     1   2     1  -2     1          9        9         9        4            36  # CALCBLOCK:3:   4,   6,   177,    81,   178
  1  -2     1   2     1     1   4     1  -4     1          9        1         3        1             3  # CALCBLOCK:3:   4,   7,   179,    84,   180
  1  -2     1   2     1     2   0     0   0     1          9       11        33        3            99  # CALCBLOCK:3:   4,   8,   181,    87,   182
  1  -4     1   4     1     1  -4     1   4     0          1        1         1        1             1  # CALCBLOCK:3:   3,   3,   183,    91,   169
  1  -4     1   4     1     1  -4     1   4     1          1        1         1        1             1  # CALCBLOCK:3:   3,   3,   183,    92,   170
  1  -4     1   4     1     1   0     1   0     1          1       16         4        2             8  # CALCBLOCK:3:   3,   5,   184,    95,   178
  1  -4     1   4     1     1   2     1  -2     1          1        9         3        1             3  # CALCBLOCK:3:   3,   6,   185,    97,   180
  1  -4     1   4     1     2   0     0   0     1          1       11        11        1            11  # CALCBLOCK:3:   3,   8,   186,    99,   187
  1   0     1   0     1     1   0     1   0     0         16       16        16        4            64  # CALCBLOCK:3:   5,   5,   188,   103,   169
  1   0     1   0     1     1   0     1   0     1         16       16        16        8           128  # CALCBLOCK:3:   5,   5,   188,   104,   170
  1   0     1   0     1     1   2     1  -2     0         16        9        12        2            24  # CALCBLOCK:3:   5,   6,   189,   107,   175
  1   0     1   0     1     1   2     1  -2     1         16        9        12        6            72  # CALCBLOCK:3:   5,   6,   189,   108,   176
  1   0     1   0     1     1   4     1  -4     1         16        1         4        2             8  # CALCBLOCK:3:   5,   7,   190,   111,   178
  1   0     1   0     1     2   0     0   0     1         16       11        44        4           176  # CALCBLOCK:3:   5,   8,   191,   113,   192
  1   2     1  -2     1     1   2     1  -2     0          9        9         9        3            27  # CALCBLOCK:3:   6,   6,   193,   117,   169
  1   2     1  -2     1     1   2     1  -2     1          9        9         9        5            45  # CALCBLOCK:3:   6,   6,   193,   118,   170
  1   2     1  -2     1     1   4     1  -4     0          9        1         3        1             3  # CALCBLOCK:3:   6,   7,   194,   121,   175
  1   2     1  -2     1     1   4     1  -4     1          9        1         3        2             6  # CALCBLOCK:3:   6,   7,   194,   122,   176
  1   2     1  -2     1     2   0     0   0     1          9       11        33        3            99  # CALCBLOCK:3:   6,   8,   195,   125,   196
  1   4     1  -4     1     1   4     1  -4     0          1        1         1        1             1  # CALCBLOCK:3:   7,   7,   197,   129,   169
  1   4     1  -4     1     1   4     1  -4     1          1        1         1        1             1  # CALCBLOCK:3:   7,   7,   197,   130,   170
  1   4     1  -4     1     2   0     0   0     1          1       11        11        1            11  # CALCBLOCK:3:   7,   8,   198,   133,   199
  2   0     0   0     2     2   0     0   0     0         11       11       121        2           242  # CALCBLOCK:3:   8,   8,   200,    10,   201

CONNECTIONS-pp-n: 2558


*** Connections p-nn ***

Ep1 Mp1   En1 Mn1   Dp1   Ep2 Mp2   En2 Mn2   Dn1       #mp1     #mp2   #conn-p #conn-nn          conn

  0   0     0   0     0     0   0     0   0     0          1        1         2        1             2  # CALCBLOCK:3:   1,   1,     9,   202,   203
  0   0     0   0     0     0   0     2   0     0          1       11         2       11            22  # CALCBLOCK:3:   1,   2,     9,   204,   205
  0   0     0   0     0     1  -2     1   2     0          1        9         3        3             9  # CALCBLOCK:3:   1,   4,    14,   206,   207
  0   0     0   0     0     1  -4     1   4     0          1        1         1        1             1  # CALCBLOCK:3:   1,   3,    17,   208,   209
  0   0     0   0     0     1   0     1   0     0          1       16         4        4            16  # CALCBLOCK:3:   1,   5,    20,   210,   211
  0   0     0   0     0     1   2     1  -2     0          1        9         3        3             9  # CALCBLOCK:3:   1,   6,    23,   212,   213
  0   0     0   0     0     1   4     1  -4     0          1        1         1        1             1  # CALCBLOCK:3:   1,   7,    26,   214,   215
  0   0     0   0     0     2   0     0   0     0          1       11         6        1             6  # CALCBLOCK:3:   1,   8,    29,   202,   216
  0   0     2   0     0     0   0     2   0     2         11       11         2      121           242  # CALCBLOCK:3:   2,   2,     9,   217,   218
  0   0     2   0     0     1  -2     1   2     2         11        9         3       33            99  # CALCBLOCK:3:   2,   4,    14,   219,   220
  0   0     2   0     0     1  -4     1   4     2         11        1         1       11            11  # CALCBLOCK:3:   2,   3,    17,   221,   222
  0   0     2   0     0     1   0     1   0     2         11       16         4       44           176  # CALCBLOCK:3:   2,   5,    20,   223,   224
  0   0     2   0     0     1   2     1  -2     2         11        9         3       33            99  # CALCBLOCK:3:   2,   6,    23,   225,   226
  0   0     2   0     0     1   4     1  -4     2         11        1         1       11            11  # CALCBLOCK:3:   2,   7,    26,   227,   228
  0   0     2   0     0     2   0     0   0     2         11       11         6       11            66  # CALCBLOCK:3:   2,   8,    29,   229,   230
  1  -2     1   2     0     1  -2     1   2     1          9        9         3        9            27  # CALCBLOCK:3:   4,   4,    58,   231,   232
  1  -2     1   2     1     1  -2     1   2     1          9        9         5        9            45  # CALCBLOCK:3:   4,   4,    61,   231,   233
  1  -2     1   2     0     1  -4     1   4     1          9        1         1        3             3  # CALCBLOCK:3:   4,   3,    64,   234,   235
  1  -2     1   2     1     1  -4     1   4     1          9        1         2        3             6  # CALCBLOCK:3:   4,   3,    69,   234,   236
  1  -2     1   2     0     1   0     1   0     1          9       16         2       12            24  # CALCBLOCK:3:   4,   5,    72,   237,   238
  1  -2     1   2     1     1   0     1   0     1          9       16         6       12            72  # CALCBLOCK:3:   4,   5,    77,   237,   239
  1  -2     1   2     1     1   2     1  -2     1          9        9         4        9            36  # CALCBLOCK:3:   4,   6,    80,   240,   241
  1  -2     1   2     1     1   4     1  -4     1          9        1         1        3             3  # CALCBLOCK:3:   4,   7,    83,   242,   243
  1  -2     1   2     0     2   0     0   0     1          9       11         5        3            15  # CALCBLOCK:3:   4,   8,    86,   244,   245
  1  -2     1   2     1     2   0     0   0     1          9       11         9        3            27  # CALCBLOCK:3:   4,   8,    88,   244,   246
  1  -4     1   4     0     1  -4     1   4     1          1        1         1        1             1  # CALCBLOCK:3:   3,   3,    90,   247,   232
  1  -4     1   4     1     1  -4     1   4     1          1        1         1        1             1  # CALCBLOCK:3:   3,   3,    93,   247,   233
  1  -4     1   4     1     1   0     1   0     1          1       16         2        4             8  # CALCBLOCK:3:   3,   5,    94,   248,   241
  1  -4     1   4     1     1   2     1  -2     1          1        9         1        3             3  # CALCBLOCK:3:   3,   6,    96,   249,   243
  1  -4     1   4     0     2   0     0   0     1          1       11         1        1             1  # CALCBLOCK:3:   3,   8,    98,   250,   251
  1  -4     1   4     1     2   0     0   0     1          1       11         3        1             3  # CALCBLOCK:3:   3,   8,   100,   250,   252
  1   0     1   0     0     1   0     1   0     1         16       16         4       16            64  # CALCBLOCK:3:   5,   5,   102,   253,   232
  1   0     1   0     1     1   0     1   0     1         16       16         8       16           128  # CALCBLOCK:3:   5,   5,   105,   253,   233
  1   0     1   0     0     1   2     1  -2     1         16        9         2       12            24  # CALCBLOCK:3:   5,   6,   106,   254,   238
  1   0     1   0     1     1   2     1  -2     1         16        9         6       12            72  # CALCBLOCK:3:   5,   6,   109,   254,   239
  1   0     1   0     1     1   4     1  -4     1         16        1         2        4             8  # CALCBLOCK:3:   5,   7,   110,   255,   241
  1   0     1   0     0     2   0     0   0     1         16       11         8        4            32  # CALCBLOCK:3:   5,   8,   112,   256,   257
  1   0     1   0     1     2   0     0   0     1         16       11        12        4            48  # CALCBLOCK:3:   5,   8,   114,   256,   258
  1   2     1  -2     0     1   2     1  -2     1          9        9         3        9            27  # CALCBLOCK:3:   6,   6,   116,   259,   232
  1   2     1  -2     1     1   2     1  -2     1          9        9         5        9            45  # CALCBLOCK:3:   6,   6,   119,   259,   233
  1   2     1  -2     0     1   4     1  -4     1          9        1         1        3             3  # CALCBLOCK:3:   6,   7,   120,   260,   238
  1   2     1  -2     1     1   4     1  -4     1          9        1         2        3             6  # CALCBLOCK:3:   6,   7,   123,   260,   239
  1   2     1  -2     0     2   0     0   0     1          9       11         5        3            15  # CALCBLOCK:3:   6,   8,   124,   261,   262
  1   2     1  -2     1     2   0     0   0     1          9       11         9        3            27  # CALCBLOCK:3:   6,   8,   126,   261,   263
  1   4     1  -4     0     1   4     1  -4     1          1        1         1        1             1  # CALCBLOCK:3:   7,   7,   128,   264,   232
  1   4     1  -4     1     1   4     1  -4     1          1        1         1        1             1  # CALCBLOCK:3:   7,   7,   131,   264,   233
  1   4     1  -4     0     2   0     0   0     1          1       11         1        1             1  # CALCBLOCK:3:   7,   8,   132,   265,   266
  1   4     1  -4     1     2   0     0   0     1          1       11         3        1             3  # CALCBLOCK:3:   7,   8,   134,   265,   267
  2   0     0   0     0     2   0     0   0     0         11       11         6        1             6  # CALCBLOCK:3:   8,   8,   136,   202,   203
  2   0     0   0     1     2   0     0   0     0         11       11        18        1            18  # CALCBLOCK:3:   8,   8,   137,   202,   268
  2   0     0   0     2     2   0     0   0     0         11       11        18        1            18  # CALCBLOCK:3:   8,   8,   138,   202,   269

CONNECTIONS-p-nn: 2558


*** Connections dia-p ***

Ep1 Mp1   Ep2 Mp2    En  Mn   D-p       #mp1   #conn-p    #mp-n          conn

  0   0     0   0     0   0     0       1         2        1             2  # CALCBLOCK:1:   1,   1,     9,   270
  0   0     2   0     0   0     0       1         6        1             6  # CALCBLOCK:1:   1,   8,    29,   271
  0   0     0   0     2   0     0      11         2       11            22  # CALCBLOCK:1:   2,   2,     9,   270
  1  -2     1  -2     1   2     0       9         3        3             9  # CALCBLOCK:1:   4,   4,    58,   270
  1  -2     1  -2     1   2     1       9         5        3            15  # CALCBLOCK:1:   4,   4,    61,   272
  1  -4     1  -4     1   4     0       1         1        1             1  # CALCBLOCK:1:   3,   3,    90,   270
  1  -4     1  -4     1   4     1       1         1        1             1  # CALCBLOCK:1:   3,   3,    93,   272
  1   0     1   0     1   0     0      16         4        4            16  # CALCBLOCK:1:   5,   5,   102,   270
  1   0     1   0     1   0     1      16         8        4            32  # CALCBLOCK:1:   5,   5,   105,   272
  1   2     1   2     1  -2     0       9         3        3             9  # CALCBLOCK:1:   6,   6,   116,   270
  1   2     1   2     1  -2     1       9         5        3            15  # CALCBLOCK:1:   6,   6,   119,   272
  1   4     1   4     1  -4     0       1         1        1             1  # CALCBLOCK:1:   7,   7,   128,   270
  1   4     1   4     1  -4     1       1         1        1             1  # CALCBLOCK:1:   7,   7,   131,   272
  2   0     2   0     0   0     0      11         6        1             6  # CALCBLOCK:1:   8,   8,   136,   270
  2   0     2   0     0   0     1      11        18        1            18  # CALCBLOCK:1:   8,   8,   137,   272
  2   0     2   0     0   0     2      11        18        1            18  # CALCBLOCK:1:   8,   8,   138,   273

CONNECTIONS-DIA-p: 178


*** Connections dia-n ***

Ep1 Mp1   Ep2 Mp2    En  Mn   D-n       #mp1   #conn-n    #mp-p          conn

  0   0     0   0     0   0     0       1         2        1             2  # CALCBLOCK:1:   1,   1,    10,   274
  0   0     0   0     0   0     0       1         6        1             6  # CALCBLOCK:1:   1,   2,    12,   275
  0   0     0   0     2   0     0      11         6        1             6  # CALCBLOCK:1:   2,   2,    31,   274
  0   0     0   0     2   0     1      11        18        1            18  # CALCBLOCK:1:   2,   2,    32,   276
  0   0     0   0     2   0     2      11        18        1            18  # CALCBLOCK:1:   2,   2,    34,   277
  1  -2     1  -2     1   2     0       9         3        3             9  # CALCBLOCK:1:   4,   4,    59,   274
  1  -2     1  -2     1   2     1       9         5        3            15  # CALCBLOCK:1:   4,   4,    60,   276
  1  -4     1  -4     1   4     0       1         1        1             1  # CALCBLOCK:1:   3,   3,    91,   274
  1  -4     1  -4     1   4     1       1         1        1             1  # CALCBLOCK:1:   3,   3,    92,   276
  1   0     1   0     1   0     0      16         4        4            16  # CALCBLOCK:1:   5,   5,   103,   274
  1   0     1   0     1   0     1      16         8        4            32  # CALCBLOCK:1:   5,   5,   104,   276
  1   2     1   2     1  -2     0       9         3        3             9  # CALCBLOCK:1:   6,   6,   117,   274
  1   2     1   2     1  -2     1       9         5        3            15  # CALCBLOCK:1:   6,   6,   118,   276
  1   4     1   4     1  -4     0       1         1        1             1  # CALCBLOCK:1:   7,   7,   129,   274
  1   4     1   4     1  -4     1       1         1        1             1  # CALCBLOCK:1:   7,   7,   130,   276
  2   0     2   0     0   0     0      11         2       11            22  # CALCBLOCK:1:   8,   8,    10,   274

CONNECTIONS-DIA-n: 178


*** Connections dia-pp ***

Ep1 Mp1   Ep2 Mp2    En  Mn   D-pp       #mp1  #conn-pp    #mp-n          conn

  0   0     0   0     0   0     0       1         1        1             1  # CALCBLOCK:2:   1,   1,   140,   278
  0   0     2   0     0   0     0       1        11        1            11  # CALCBLOCK:2:   1,   8,   153,   279
  0   0     0   0     2   0     0      11         1       11            11  # CALCBLOCK:2:   2,   2,   140,   278
  1  -2     1  -2     1   2     1       9         9        3            27  # CALCBLOCK:2:   4,   4,   168,   280
  1  -4     1  -4     1   4     1       1         1        1             1  # CALCBLOCK:2:   3,   3,   183,   280
  1   0     1   0     1   0     1      16        16        4            64  # CALCBLOCK:2:   5,   5,   188,   280
  1   2     1   2     1  -2     1       9         9        3            27  # CALCBLOCK:2:   6,   6,   193,   280
  1   4     1   4     1  -4     1       1         1        1             1  # CALCBLOCK:2:   7,   7,   197,   280
  2   0     2   0     0   0     2      11       121        1           121  # CALCBLOCK:2:   8,   8,   200,   281

CONNECTIONS-DIA-pp: 275


*** Connections dia-nn ***

Ep1 Mp1   Ep2 Mp2    En  Mn   D-nn       #mp1  #conn-nn    #mp-p          conn

  0   0     0   0     0   0     0       1         1        1             1  # CALCBLOCK:2:   1,   1,   202,   282
  0   0     0   0     0   0     0       1        11        1            11  # CALCBLOCK:2:   1,   2,   204,   283
  0   0     0   0     2   0     2      11       121        1           121  # CALCBLOCK:2:   2,   2,   217,   284
  1  -2     1  -2     1   2     1       9         9        3            27  # CALCBLOCK:2:   4,   4,   231,   285
  1  -4     1  -4     1   4     1       1         1        1             1  # CALCBLOCK:2:   3,   3,   247,   285
  1   0     1   0     1   0     1      16        16        4            64  # CALCBLOCK:2:   5,   5,   253,   285
  1   2     1   2     1  -2     1       9         9        3            27  # CALCBLOCK:2:   6,   6,   259,   285
  1   4     1   4     1  -4     1       1         1        1             1  # CALCBLOCK:2:   7,   7,   264,   285
  2   0     2   0     0   0     0      11         1       11            11  # CALCBLOCK:2:   8,   8,   202,   282

CONNECTIONS-DIA-nn: 275


SUM-CONN-LEN-1N: 164
MAX-CONN-LEN-1N: 18
LOAD-CONN-LEN-1N: 168
SUM-CONN-LEN-2N: 720
MAX-CONN-LEN-2N: 121
LOAD-CONN-LEN-2N: 1056
SUM-CONN-LEN-3N: 1137
MAX-CONN-LEN-3N: 121
LOAD-CONN-LEN-3N: 2406


*** Conn lists ***

type  E1  M1   E2  M2   D1         len

n      0   0    0   0    0           2  # ARRAY:    10=        24
n      0   0    1  -2    0           3  # ARRAY:    24=        36
n      0   0    1  -4    0           1  # ARRAY:    27=        12
n      0   0    1   0    0           4  # ARRAY:    21=        48
n      0   0    1   2    0           3  # ARRAY:    15=        36
n      0   0    1   4    0           1  # ARRAY:    18=        12
n      0   0    2   0    0           6  # ARRAY:    12=        72
n      1  -2    0   0    1           3  # ARRAY:   125=        36
n      1  -2    1  -2    0           3  # ARRAY:   117=        36
n      1  -2    1  -2    1           5  # ARRAY:   118=        60
n      1  -2    1  -4    0           1  # ARRAY:   121=        12
n      1  -2    1  -4    1           2  # ARRAY:   122=        24
n      1  -4    0   0    1           1  # ARRAY:   133=        12
n      1  -4    1  -4    0           1  # ARRAY:   129=        12
n      1  -4    1  -4    1           1  # ARRAY:   130=        12
n      1   0    0   0    1           4  # ARRAY:   113=        48
n      1   0    1  -2    0           2  # ARRAY:   107=        24
n      1   0    1  -2    1           6  # ARRAY:   108=        72
n      1   0    1  -4    1           2  # ARRAY:   111=        24
n      1   0    1   0    0           4  # ARRAY:   103=        48
n      1   0    1   0    1           8  # ARRAY:   104=        96
n      1   2    0   0    1           3  # ARRAY:    87=        36
n      1   2    1  -2    1           4  # ARRAY:    81=        48
n      1   2    1  -4    1           1  # ARRAY:    84=        12
n      1   2    1   0    0           2  # ARRAY:    73=        24
n      1   2    1   0    1           6  # ARRAY:    75=        72
n      1   2    1   2    0           3  # ARRAY:    59=        36
n      1   2    1   2    1           5  # ARRAY:    60=        60
n      1   2    1   4    0           1  # ARRAY:    65=        12
n      1   2    1   4    1           2  # ARRAY:    67=        24
n      1   4    0   0    1           1  # ARRAY:    99=        12
n      1   4    1  -2    1           1  # ARRAY:    97=        12
n      1   4    1   0    1           2  # ARRAY:    95=        24
n      1   4    1   4    0           1  # ARRAY:    91=        12
n      1   4    1   4    1           1  # ARRAY:    92=        12
n      2   0    0   0    2           6  # ARRAY:    56=        72
n      2   0    1  -2    1           5  # ARRAY:    48=        60
n      2   0    1  -2    2           9  # ARRAY:    50=       108
n      2   0    1  -4    1           1  # ARRAY:    52=        12
n      2   0    1  -4    2           3  # ARRAY:    54=        36
n      2   0    1   0    1           8  # ARRAY:    44=        96
n      2   0    1   0    2          12  # ARRAY:    46=       144
n      2   0    1   2    1           5  # ARRAY:    36=        60
n      2   0    1   2    2           9  # ARRAY:    38=       108
n      2   0    1   4    1           1  # ARRAY:    40=        12
n      2   0    1   4    2           3  # ARRAY:    42=        36
n      2   0    2   0    0           6  # ARRAY:    31=        72
n      2   0    2   0    1          18  # ARRAY:    32=       216
n      2   0    2   0    2          18  # ARRAY:    34=       216
nn     0   0    0   0    0           1  # ARRAY:   202=        12
nn     0   0    1  -2    0           3  # ARRAY:   212=        36
nn     0   0    1  -4    0           1  # ARRAY:   214=        12
nn     0   0    1   0    0           4  # ARRAY:   210=        48
nn     0   0    1   2    0           3  # ARRAY:   206=        36
nn     0   0    1   4    0           1  # ARRAY:   208=        12
nn     0   0    2   0    0          11  # ARRAY:   204=       132
nn     1  -2    0   0    1           3  # ARRAY:   261=        36
nn     1  -2    1  -2    1           9  # ARRAY:   259=       108
nn     1  -2    1  -4    1           3  # ARRAY:   260=        36
nn     1  -4    0   0    1           1  # ARRAY:   265=        12
nn     1  -4    1  -4    1           1  # ARRAY:   264=        12
nn     1   0    0   0    1           4  # ARRAY:   256=        48
nn     1   0    1  -2    1          12  # ARRAY:   254=       144
nn     1   0    1  -4    1           4  # ARRAY:   255=        48
nn     1   0    1   0    1          16  # ARRAY:   253=       192
nn     1   2    0   0    1           3  # ARRAY:   244=        36
nn     1   2    1  -2    1           9  # ARRAY:   240=       108
nn     1   2    1  -4    1           3  # ARRAY:   242=        36
nn     1   2    1   0    1          12  # ARRAY:   237=       144
nn     1   2    1   2    1           9  # ARRAY:   231=       108
nn     1   2    1   4    1           3  # ARRAY:   234=        36
nn     1   4    0   0    1           1  # ARRAY:   250=        12
nn     1   4    1  -2    1           3  # ARRAY:   249=        36
nn     1   4    1   0    1           4  # ARRAY:   248=        48
nn     1   4    1   4    1           1  # ARRAY:   247=        12
nn     2   0    0   0    2          11  # ARRAY:   229=       132
nn     2   0    1  -2    2          33  # ARRAY:   225=       396
nn     2   0    1  -4    2          11  # ARRAY:   227=       132
nn     2   0    1   0    2          44  # ARRAY:   223=       528
nn     2   0    1   2    2          33  # ARRAY:   219=       396
nn     2   0    1   4    2          11  # ARRAY:   221=       132
nn     2   0    2   0    2         121  # ARRAY:   217=      1452
p      0   0    0   0    0           2  # ARRAY:     9=        24
p      0   0    1  -2    0           3  # ARRAY:    14=        36
p      0   0    1  -4    0           1  # ARRAY:    17=        12
p      0   0    1   0    0           4  # ARRAY:    20=        48
p      0   0    1   2    0           3  # ARRAY:    23=        36
p      0   0    1   4    0           1  # ARRAY:    26=        12
p      0   0    2   0    0           6  # ARRAY:    29=        72
p      1  -2    1  -2    0           3  # ARRAY:    58=        36
p      1  -2    1  -2    1           5  # ARRAY:    61=        60
p      1  -2    1  -4    0           1  # ARRAY:    64=        12
p      1  -2    1  -4    1           2  # ARRAY:    69=        24
p      1  -2    1   0    0           2  # ARRAY:    72=        24
p      1  -2    1   0    1           6  # ARRAY:    77=        72
p      1  -2    1   2    1           4  # ARRAY:    80=        48
p      1  -2    1   4    1           1  # ARRAY:    83=        12
p      1  -2    2   0    0           5  # ARRAY:    86=        60
p      1  -2    2   0    1           9  # ARRAY:    88=       108
p      1  -4    1  -4    0           1  # ARRAY:    90=        12
p      1  -4    1  -4    1           1  # ARRAY:    93=        12
p      1  -4    1   0    1           2  # ARRAY:    94=        24
p      1  -4    1   2    1           1  # ARRAY:    96=        12
p      1  -4    2   0    0           1  # ARRAY:    98=        12
p      1  -4    2   0    1           3  # ARRAY:   100=        36
p      1   0    1   0    0           4  # ARRAY:   102=        48
p      1   0    1   0    1           8  # ARRAY:   105=        96
p      1   0    1   2    0           2  # ARRAY:   106=        24
p      1   0    1   2    1           6  # ARRAY:   109=        72
p      1   0    1   4    1           2  # ARRAY:   110=        24
p      1   0    2   0    0           8  # ARRAY:   112=        96
p      1   0    2   0    1          12  # ARRAY:   114=       144
p      1   2    1   2    0           3  # ARRAY:   116=        36
p      1   2    1   2    1           5  # ARRAY:   119=        60
p      1   2    1   4    0           1  # ARRAY:   120=        12
p      1   2    1   4    1           2  # ARRAY:   123=        24
p      1   2    2   0    0           5  # ARRAY:   124=        60
p      1   2    2   0    1           9  # ARRAY:   126=       108
p      1   4    1   4    0           1  # ARRAY:   128=        12
p      1   4    1   4    1           1  # ARRAY:   131=        12
p      1   4    2   0    0           1  # ARRAY:   132=        12
p      1   4    2   0    1           3  # ARRAY:   134=        36
p      2   0    2   0    0           6  # ARRAY:   136=        72
p      2   0    2   0    1          18  # ARRAY:   137=       216
p      2   0    2   0    2          18  # ARRAY:   138=       216
pp     0   0    0   0    0           1  # ARRAY:   140=        12
pp     0   0    1  -2    0           3  # ARRAY:   143=        36
pp     0   0    1  -4    0           1  # ARRAY:   145=        12
pp     0   0    1   0    0           4  # ARRAY:   147=        48
pp     0   0    1   2    0           3  # ARRAY:   149=        36
pp     0   0    1   4    0           1  # ARRAY:   151=        12
pp     0   0    2   0    0          11  # ARRAY:   153=       132
pp     1  -2    1  -2    1           9  # ARRAY:   168=       108
pp     1  -2    1  -4    1           3  # ARRAY:   171=        36
pp     1  -2    1   0    1          12  # ARRAY:   174=       144
pp     1  -2    1   2    1           9  # ARRAY:   177=       108
pp     1  -2    1   4    1           3  # ARRAY:   179=        36
pp     1  -2    2   0    1          33  # ARRAY:   181=       396
pp     1  -4    1  -4    1           1  # ARRAY:   183=        12
pp     1  -4    1   0    1           4  # ARRAY:   184=        48
pp     1  -4    1   2    1           3  # ARRAY:   185=        36
pp     1  -4    2   0    1          11  # ARRAY:   186=       132
pp     1   0    1   0    1          16  # ARRAY:   188=       192
pp     1   0    1   2    1          12  # ARRAY:   189=       144
pp     1   0    1   4    1           4  # ARRAY:   190=        48
pp     1   0    2   0    1          44  # ARRAY:   191=       528
pp     1   2    1   2    1           9  # ARRAY:   193=       108
pp     1   2    1   4    1           3  # ARRAY:   194=        36
pp     1   2    2   0    1          33  # ARRAY:   195=       396
pp     1   4    1   4    1           1  # ARRAY:   197=        12
pp     1   4    2   0    1          11  # ARRAY:   198=       132
pp     2   0    2   0    2         121  # ARRAY:   200=      1452

*** Matrix-elements V (cross p-n) ***

prt dEp dMp   Dp   prt dEn dMn   Dn    #comb-p  #comb-n         #comb

p     0  -2    0   n     0   2    0          1        1             1  # ARRAY:    66=           8
p     0  -2    0   n     0   2    1          1        8             8  # ARRAY:    68=          64
p     0  -2    0   nn    0   2    1          1       30            30  # ARRAY:   235=         240
p     0  -2    1   n     0   2    0          8        1             8  # ARRAY:    70=          64
p     0  -2    1   n     0   2    1          8        8            64  # ARRAY:    71=         512
p     0  -2    1   nn    0   2    1          8       30           240  # ARRAY:   236=        1920
p     0   0    0   n     0   0    0          2        2             4  # ARRAY:    11=          32
p     0   0    0   n     0   0    1          2       10            20  # ARRAY:    33=         160
p     0   0    0   n     0   0    2          2       18            36  # ARRAY:    35=         288
p     0   0    0   n     2   0    0          2        6            12  # ARRAY:    13=          96
p     0   0    0   nn    0   0    0          2        1             2  # ARRAY:   203=          16
p     0   0    0   nn    0   0    1          2       36            72  # ARRAY:   232=         576
p     0   0    0   nn    0   0    2          2      121           242  # ARRAY:   218=        1936
p     0   0    0   nn    2   0    0          2       11            22  # ARRAY:   205=         176
p     0   0    1   n     0   0    0         10        2            20  # ARRAY:    62=         160
p     0   0    1   n     0   0    1         10       10           100  # ARRAY:    63=         800
p     0   0    1   nn    0   0    0         10        1            10  # ARRAY:   268=          80
p     0   0    1   nn    0   0    1         10       36           360  # ARRAY:   233=        2880
p     0   0    2   n     0   0    0         18        2            36  # ARRAY:   139=         288
p     0   0    2   nn    0   0    0         18        1            18  # ARRAY:   269=         144
p     0   2    0   n     0  -2    0          1        1             1  # ARRAY:    74=           8
p     0   2    0   n     0  -2    1          1        8             8  # ARRAY:    76=          64
p     0   2    0   nn    0  -2    1          1       30            30  # ARRAY:   238=         240
p     0   2    1   n     0  -2    0          8        1             8  # ARRAY:    78=          64
p     0   2    1   n     0  -2    1          8        8            64  # ARRAY:    79=         512
p     0   2    1   nn    0  -2    1          8       30           240  # ARRAY:   239=        1920
p     0   4    1   n     0  -4    1          4        4            16  # ARRAY:    82=         128
p     0   4    1   nn    0  -4    1          4       17            68  # ARRAY:   241=         544
p     0   6    1   n     0  -6    1          1        1             1  # ARRAY:    85=           8
p     0   6    1   nn    0  -6    1          1        6             6  # ARRAY:   243=          48
p     1  -2    0   n    -1   2    1          3        3             9  # ARRAY:    37=          72
p     1  -2    0   n    -1   2    2          3        9            27  # ARRAY:    39=         216
p     1  -2    0   n     1   2    0          3        3             9  # ARRAY:    16=          72
p     1  -2    0   nn   -1   2    1          3        3             9  # ARRAY:   262=          72
p     1  -2    0   nn   -1   2    2          3       33            99  # ARRAY:   220=         792
p     1  -2    0   nn    1   2    0          3        3             9  # ARRAY:   207=          72
p     1  -2    1   n    -1   2    1          9        3            27  # ARRAY:   127=         216
p     1  -2    1   nn   -1   2    1          9        3            27  # ARRAY:   263=         216
p     1  -4    0   n    -1   4    1          1        1             1  # ARRAY:    41=           8
p     1  -4    0   n    -1   4    2          1        3             3  # ARRAY:    43=          24
p     1  -4    0   n     1   4    0          1        1             1  # ARRAY:    19=           8
p     1  -4    0   nn   -1   4    1          1        1             1  # ARRAY:   266=           8
p     1  -4    0   nn   -1   4    2          1       11            11  # ARRAY:   222=          88
p     1  -4    0   nn    1   4    0          1        1             1  # ARRAY:   209=           8
p     1  -4    1   n    -1   4    1          3        1             3  # ARRAY:   135=          24
p     1  -4    1   nn   -1   4    1          3        1             3  # ARRAY:   267=          24
p     1   0    0   n    -1   0    1          4        4            16  # ARRAY:    45=         128
p     1   0    0   n    -1   0    2          4       12            48  # ARRAY:    47=         384
p     1   0    0   n     1   0    0          4        4            16  # ARRAY:    22=         128
p     1   0    0   nn   -1   0    1          4        4            16  # ARRAY:   257=         128
p     1   0    0   nn   -1   0    2          4       44           176  # ARRAY:   224=        1408
p     1   0    0   nn    1   0    0          4        4            16  # ARRAY:   211=         128
p     1   0    1   n    -1   0    1         12        4            48  # ARRAY:   115=         384
p     1   0    1   nn   -1   0    1         12        4            48  # ARRAY:   258=         384
p     1   2    0   n    -1  -2    1          3        3             9  # ARRAY:    49=          72
p     1   2    0   n    -1  -2    2          3        9            27  # ARRAY:    51=         216
p     1   2    0   n     1  -2    0          3        3             9  # ARRAY:    25=          72
p     1   2    0   nn   -1  -2    1          3        3             9  # ARRAY:   245=          72
p     1   2    0   nn   -1  -2    2          3       33            99  # ARRAY:   226=         792
p     1   2    0   nn    1  -2    0          3        3             9  # ARRAY:   213=          72
p     1   2    1   n    -1  -2    1          9        3            27  # ARRAY:    89=         216
p     1   2    1   nn   -1  -2    1          9        3            27  # ARRAY:   246=         216
p     1   4    0   n    -1  -4    1          1        1             1  # ARRAY:    53=           8
p     1   4    0   n    -1  -4    2          1        3             3  # ARRAY:    55=          24
p     1   4    0   n     1  -4    0          1        1             1  # ARRAY:    28=           8
p     1   4    0   nn   -1  -4    1          1        1             1  # ARRAY:   251=           8
p     1   4    0   nn   -1  -4    2          1       11            11  # ARRAY:   228=          88
p     1   4    0   nn    1  -4    0          1        1             1  # ARRAY:   215=           8
p     1   4    1   n    -1  -4    1          3        1             3  # ARRAY:   101=          24
p     1   4    1   nn   -1  -4    1          3        1             3  # ARRAY:   252=          24
p     2   0    0   n    -2   0    2          6        6            36  # ARRAY:    57=         288
p     2   0    0   n     0   0    0          6        2            12  # ARRAY:    30=          96
p     2   0    0   nn   -2   0    2          6       11            66  # ARRAY:   230=         528
p     2   0    0   nn    0   0    0          6        1             6  # ARRAY:   216=          48
pp    0  -2    1   n     0   2    0         30        1            30  # ARRAY:   172=         240
pp    0  -2    1   n     0   2    1         30        8           240  # ARRAY:   173=        1920
pp    0   0    0   n     0   0    0          1        2             2  # ARRAY:   141=          16
pp    0   0    0   n     0   0    1          1       10            10  # ARRAY:   155=          80
pp    0   0    0   n     0   0    2          1       18            18  # ARRAY:   156=         144
pp    0   0    0   n     2   0    0          1        6             6  # ARRAY:   142=          48
pp    0   0    1   n     0   0    0         36        2            72  # ARRAY:   169=         576
pp    0   0    1   n     0   0    1         36       10           360  # ARRAY:   170=        2880
pp    0   0    2   n     0   0    0        121        2           242  # ARRAY:   201=        1936
pp    0   2    1   n     0  -2    0         30        1            30  # ARRAY:   175=         240
pp    0   2    1   n     0  -2    1         30        8           240  # ARRAY:   176=        1920
pp    0   4    1   n     0  -4    1         17        4            68  # ARRAY:   178=         544
pp    0   6    1   n     0  -6    1          6        1             6  # ARRAY:   180=          48
pp    1  -2    0   n    -1   2    1          3        3             9  # ARRAY:   157=          72
pp    1  -2    0   n    -1   2    2          3        9            27  # ARRAY:   158=         216
pp    1  -2    0   n     1   2    0          3        3             9  # ARRAY:   144=          72
pp    1  -2    1   n    -1   2    1         33        3            99  # ARRAY:   196=         792
pp    1  -4    0   n    -1   4    1          1        1             1  # ARRAY:   159=           8
pp    1  -4    0   n    -1   4    2          1        3             3  # ARRAY:   160=          24
pp    1  -4    0   n     1   4    0          1        1             1  # ARRAY:   146=           8
pp    1  -4    1   n    -1   4    1         11        1            11  # ARRAY:   199=          88
pp    1   0    0   n    -1   0    1          4        4            16  # ARRAY:   161=         128
pp    1   0    0   n    -1   0    2          4       12            48  # ARRAY:   162=         384
pp    1   0    0   n     1   0    0          4        4            16  # ARRAY:   148=         128
pp    1   0    1   n    -1   0    1         44        4           176  # ARRAY:   192=        1408
pp    1   2    0   n    -1  -2    1          3        3             9  # ARRAY:   163=          72
pp    1   2    0   n    -1  -2    2          3        9            27  # ARRAY:   164=         216
pp    1   2    0   n     1  -2    0          3        3             9  # ARRAY:   150=          72
pp    1   2    1   n    -1  -2    1         33        3            99  # ARRAY:   182=         792
pp    1   4    0   n    -1  -4    1          1        1             1  # ARRAY:   165=           8
pp    1   4    0   n    -1  -4    2          1        3             3  # ARRAY:   166=          24
pp    1   4    0   n     1  -4    0          1        1             1  # ARRAY:   152=           8
pp    1   4    1   n    -1  -4    1         11        1            11  # ARRAY:   187=          88
pp    2   0    0   n    -2   0    2         11        6            66  # ARRAY:   167=         528
pp    2   0    0   n     0   0    0         11        2            22  # ARRAY:   154=         176

*** Matrix-elements V (same p/n) ***

prt dEx dMx   Dx    #comb-x         #comb

n     0   0    0          2             2  # ARRAY:   274=          16
n     0   0    1         10            10  # ARRAY:   276=          80
n     0   0    2         18            18  # ARRAY:   277=         144
n     2   0    0          6             6  # ARRAY:   275=          48
nn    0   0    0          1             1  # ARRAY:   282=           8
nn    0   0    1         36            36  # ARRAY:   285=         288
nn    0   0    2        121           121  # ARRAY:   284=         968
nn    2   0    0         11            11  # ARRAY:   283=          88
p     0   0    0          2             2  # ARRAY:   270=          16
p     0   0    1         10            10  # ARRAY:   272=          80
p     0   0    2         18            18  # ARRAY:   273=         144
p     2   0    0          6             6  # ARRAY:   271=          48
pp    0   0    0          1             1  # ARRAY:   278=           8
pp    0   0    1         36            36  # ARRAY:   280=         288
pp    0   0    2        121           121  # ARRAY:   281=         968
pp    2   0    0         11            11  # ARRAY:   279=          88

SUM-Vc-SIZE-1N: 0
MAX-Vc-SIZE-1N: 0
LOAD-Vc-SIZE-1N: 0
SUM-Vx-SIZE-1N: 72
MAX-Vx-SIZE-1N: 18
LOAD-Vx-SIZE-1N: 200
SUM-Vc-SIZE-2N: 743
MAX-Vc-SIZE-2N: 100
LOAD-Vc-SIZE-2N: 1602
SUM-Vx-SIZE-2N: 338
MAX-Vx-SIZE-2N: 121
LOAD-Vx-SIZE-2N: 628
SUM-Vc-SIZE-3N: 3976
MAX-Vc-SIZE-3N: 360
LOAD-Vc-SIZE-3N: 8800
SUM-Vx-SIZE-3N: 0
MAX-Vx-SIZE-3N: 0
LOAD-Vx-SIZE-3N: 0

